{
 "cells": [
  {
   "cell_type": "code",
   "execution_count": 2,
   "id": "23deae17",
   "metadata": {},
   "outputs": [
    {
     "name": "stdout",
     "output_type": "stream",
     "text": [
      "(10, 192) (10, 192)\n",
      "(10, 192) (10, 192)\n",
      "(10, 192) (10, 192)\n",
      "(10, 192) (10, 192)\n",
      "(10, 192) (10, 192)\n",
      "(10, 192) (10, 192)\n",
      "(10, 192) (10, 192)\n",
      "(10, 192) (10, 192)\n",
      "(10, 192) (10, 192)\n",
      "(10, 192) (10, 192)\n",
      "(10, 192) (10, 192)\n",
      "(10, 192) (10, 192)\n",
      "(10, 192) (10, 192)\n",
      "(10, 192) (10, 192)\n",
      "(10, 192) (10, 192)\n",
      "(10, 192) (10, 192)\n",
      "(10, 192) (10, 192)\n",
      "(10, 192) (10, 192)\n",
      "(10, 192) (10, 192)\n",
      "(10, 192) (10, 192)\n",
      "(10, 192) (10, 192)\n",
      "(10, 192) (10, 192)\n",
      "(10, 192) (10, 192)\n",
      "(10, 192) (10, 192)\n",
      "(10, 192) (10, 192)\n",
      "(10, 192) (10, 192)\n",
      "(10, 192) (10, 192)\n",
      "(10, 192) (10, 192)\n",
      "(10, 192) (10, 192)\n",
      "(10, 192) (10, 192)\n",
      "(10, 192) (10, 192)\n",
      "(10, 192) (10, 192)\n",
      "(10, 192) (10, 192)\n",
      "(10, 192) (10, 192)\n",
      "(10, 192) (10, 192)\n",
      "(10, 192) (10, 192)\n",
      "          Set_0     Set_1     Set_2     Set_3     Set_4     Set_5\n",
      "Set_0  1.000000  0.017275  0.003066 -0.019756 -0.030241  0.044121\n",
      "Set_1  0.017275  1.000000 -0.008971 -0.017137 -0.011246  0.020451\n",
      "Set_2  0.003066 -0.008971  1.000000 -0.003834 -0.012266 -0.009268\n",
      "Set_3 -0.019756 -0.017137 -0.003834  1.000000 -0.009202  0.048679\n",
      "Set_4 -0.030241 -0.011246 -0.012266 -0.009202  1.000000 -0.006390\n",
      "Set_5  0.044121  0.020451 -0.009268  0.048679 -0.006390  1.000000\n"
     ]
    }
   ],
   "source": [
    "import numpy as np\n",
    "import pandas as pd\n",
    "\n",
    "# Settings\n",
    "np.random.seed(42)\n",
    "num_sets = 6\n",
    "set_size = (10, 192)\n",
    "sets = []\n",
    "\n",
    "# Create the embedding sets\n",
    "for i in range(num_sets):\n",
    "    if i < 3:\n",
    "        # High correlation: similar distributions, little noise\n",
    "        base = np.random.normal(size=set_size)\n",
    "        sets.append(base + np.random.normal(scale=0.01, size=set_size))\n",
    "    else:\n",
    "        # Low correlation: unrelated random sets\n",
    "        sets.append(np.random.normal(scale=5.0, size=set_size))\n",
    "\n",
    "# Function: correlation between sets\n",
    "def set_correlation(set_a, set_b):\n",
    "    a, b = set_a.flatten(), set_b.flatten()\n",
    "    return np.corrcoef(a, b)[0, 1]\n",
    "\n",
    "# Compute pairwise correlations\n",
    "corr_matrix = np.zeros((num_sets, num_sets))\n",
    "for i in range(num_sets):\n",
    "    for j in range(num_sets):\n",
    "        print(sets[i].shape, sets[j].shape)\n",
    "        corr_matrix[i, j] = set_correlation(sets[i], sets[j])\n",
    "\n",
    "# Visualize or export\n",
    "corr_df = pd.DataFrame(\n",
    "    corr_matrix, \n",
    "    index=[f'Set_{i}' for i in range(num_sets)], \n",
    "    columns=[f'Set_{i}' for i in range(num_sets)]\n",
    ")\n",
    "# corr_df.to_csv('corr_matrix.csv')\n",
    "print(corr_df)\n"
   ]
  }
 ],
 "metadata": {
  "kernelspec": {
   "display_name": "mmpfn",
   "language": "python",
   "name": "python3"
  },
  "language_info": {
   "codemirror_mode": {
    "name": "ipython",
    "version": 3
   },
   "file_extension": ".py",
   "mimetype": "text/x-python",
   "name": "python",
   "nbconvert_exporter": "python",
   "pygments_lexer": "ipython3",
   "version": "3.10.16"
  }
 },
 "nbformat": 4,
 "nbformat_minor": 5
}
